<svg width="31" height="31" viewBox="0 0 31 31" fill="none" xmlns="http://www.w3.org/2000/svg">
<g clip-path="url(#clip0_2262_19137)">
<path d="M13.917 10.5835V9.75016C13.917 9.63966 13.9609 9.53368 14.039 9.45554C14.1172 9.37739 14.2232 9.3335 14.3337 9.3335C14.4442 9.3335 14.5501 9.37739 14.6283 9.45554C14.7064 9.53368 14.7503 9.63966 14.7503 9.75016V10.5835C14.7503 10.694 14.7064 10.8 14.6283 10.8781C14.5501 10.9563 14.4442 11.0002 14.3337 11.0002C14.2232 11.0002 14.1172 10.9563 14.039 10.8781C13.9609 10.8 13.917 10.694 13.917 10.5835Z" fill="#F26674"/>
<path d="M13.917 15.5835V14.7502C13.917 14.6397 13.9609 14.5337 14.039 14.4555C14.1172 14.3774 14.2232 14.3335 14.3337 14.3335C14.4442 14.3335 14.5501 14.3774 14.6283 14.4555C14.7064 14.5337 14.7503 14.6397 14.7503 14.7502V15.5835C14.7503 15.694 14.7064 15.8 14.6283 15.8781C14.5501 15.9563 14.4442 16.0002 14.3337 16.0002C14.2232 16.0002 14.1172 15.9563 14.039 15.8781C13.9609 15.8 13.917 15.694 13.917 15.5835Z" fill="#F26674"/>
<path d="M14.7503 15.167H13.917C13.5855 15.167 13.2675 15.0353 13.0331 14.8009C12.7987 14.5665 12.667 14.2485 12.667 13.917C12.667 13.8065 12.7109 13.7005 12.789 13.6224C12.8672 13.5442 12.9732 13.5003 13.0837 13.5003C13.1942 13.5003 13.3001 13.5442 13.3783 13.6224C13.4564 13.7005 13.5003 13.8065 13.5003 13.917C13.5003 14.0275 13.5442 14.1335 13.6224 14.2116C13.7005 14.2898 13.8065 14.3337 13.917 14.3337H14.7503C14.8608 14.3337 14.9668 14.2898 15.045 14.2116C15.1231 14.1335 15.167 14.0275 15.167 13.917V13.5003C15.167 13.3898 15.1231 13.2838 15.045 13.2057C14.9668 13.1276 14.8608 13.0837 14.7503 13.0837H13.917C13.5855 13.0837 13.2675 12.952 13.0331 12.7175C12.7987 12.4831 12.667 12.1652 12.667 11.8337V11.417C12.667 11.0855 12.7987 10.7675 13.0331 10.5331C13.2675 10.2987 13.5855 10.167 13.917 10.167H14.7503C16.0003 10.167 16.3837 11.8337 15.5837 11.8337C15.4732 11.8337 15.3672 11.7898 15.289 11.7116C15.2109 11.6335 15.167 11.5275 15.167 11.417C15.167 11.3065 15.1231 11.2005 15.045 11.1224C14.9668 11.0442 14.8608 11.0003 14.7503 11.0003H13.917C13.8065 11.0003 13.7005 11.0442 13.6224 11.1224C13.5442 11.2005 13.5003 11.3065 13.5003 11.417V11.8337C13.5003 11.9442 13.5442 12.0501 13.6224 12.1283C13.7005 12.2064 13.8065 12.2503 13.917 12.2503H14.7503C15.0818 12.2503 15.3998 12.382 15.6342 12.6164C15.8686 12.8509 16.0003 13.1688 16.0003 13.5003V13.917C16.0003 14.2485 15.8686 14.5665 15.6342 14.8009C15.3998 15.0353 15.0818 15.167 14.7503 15.167Z" fill="#F26674"/>
<path d="M18.0837 20.1668H10.5837C10.4732 20.1668 10.3672 20.1229 10.289 20.0448C10.2109 19.9667 10.167 19.8607 10.167 19.7502C10.167 19.6397 10.2109 19.5337 10.289 19.4555C10.3672 19.3774 10.4732 19.3335 10.5837 19.3335H18.0837C18.1942 19.3335 18.3001 19.3774 18.3783 19.4555C18.4564 19.5337 18.5003 19.6397 18.5003 19.7502C18.5003 19.8607 18.4564 19.9667 18.3783 20.0448C18.3001 20.1229 18.1942 20.1668 18.0837 20.1668Z" fill="#425B72"/>
<path d="M18.0837 22.2498H10.5837C10.4732 22.2498 10.3672 22.2059 10.289 22.1278C10.2109 22.0497 10.167 21.9437 10.167 21.8332C10.167 21.7227 10.2109 21.6167 10.289 21.5385C10.3672 21.4604 10.4732 21.4165 10.5837 21.4165H18.0837C18.1942 21.4165 18.3001 21.4604 18.3783 21.5385C18.4564 21.6167 18.5003 21.7227 18.5003 21.8332C18.5003 21.9437 18.4564 22.0497 18.3783 22.1278C18.3001 22.2059 18.1942 22.2498 18.0837 22.2498Z" fill="#425B72"/>
<path d="M18.0837 18.0833H10.5837C10.4732 18.0833 10.3672 18.0394 10.289 17.9613C10.2109 17.8832 10.167 17.7772 10.167 17.6667C10.167 17.5562 10.2109 17.4502 10.289 17.372C10.3672 17.2939 10.4732 17.25 10.5837 17.25H18.0837C18.1942 17.25 18.3001 17.2939 18.3783 17.372C18.4564 17.4502 18.5003 17.5562 18.5003 17.6667C18.5003 17.7772 18.4564 17.8832 18.3783 17.9613C18.3001 18.0394 18.1942 18.0833 18.0837 18.0833Z" fill="#425B72"/>
<path d="M14.7503 14.3335H13.917C13.8065 14.3335 13.7005 14.2896 13.6224 14.2115C13.5442 14.1333 13.5003 14.0273 13.5003 13.9168C13.5003 13.8063 13.4564 13.7003 13.3783 13.6222C13.3001 13.5441 13.1942 13.5002 13.0837 13.5002C12.9732 13.5002 12.8672 13.5441 12.789 13.6222C12.7109 13.7003 12.667 13.8063 12.667 13.9168C12.667 14.2484 12.7987 14.5663 13.0331 14.8007C13.2675 15.0351 13.5855 15.1668 13.917 15.1668V15.5835C13.917 15.694 13.9609 15.8 14.039 15.8781C14.1172 15.9563 14.2232 16.0002 14.3337 16.0002C14.4442 16.0002 14.5501 15.9563 14.6283 15.8781C14.7064 15.8 14.7503 15.694 14.7503 15.5835V15.1668C15.0818 15.1668 15.3998 15.0351 15.6342 14.8007C15.8686 14.5663 16.0003 14.2484 16.0003 13.9168V13.5002C16.0003 13.1686 15.8686 12.8507 15.6342 12.6163C15.3998 12.3819 15.0818 12.2502 14.7503 12.2502H13.917C13.8065 12.2502 13.7005 12.2063 13.6224 12.1281C13.5442 12.05 13.5003 11.944 13.5003 11.8335V11.4168C13.5003 11.3063 13.5442 11.2003 13.6224 11.1222C13.7005 11.0441 13.8065 11.0002 13.917 11.0002H14.7503C14.8608 11.0002 14.9668 11.0441 15.045 11.1222C15.1231 11.2003 15.167 11.3063 15.167 11.4168C15.167 11.5273 15.2109 11.6333 15.289 11.7115C15.3672 11.7896 15.4732 11.8335 15.5837 11.8335C15.6942 11.8335 15.8001 11.7896 15.8783 11.7115C15.9564 11.6333 16.0003 11.5273 16.0003 11.4168C16.0003 11.0853 15.8686 10.7674 15.6342 10.5329C15.3998 10.2985 15.0818 10.1668 14.7503 10.1668V9.75016C14.7503 9.63966 14.7064 9.53368 14.6283 9.45554C14.5501 9.37739 14.4442 9.3335 14.3337 9.3335C14.2232 9.3335 14.1172 9.37739 14.039 9.45554C13.9609 9.53368 13.917 9.63966 13.917 9.75016V10.1668C13.5855 10.1668 13.2675 10.2985 13.0331 10.5329C12.7987 10.7674 12.667 11.0853 12.667 11.4168V11.8335C12.667 12.165 12.7987 12.483 13.0331 12.7174C13.2675 12.9518 13.5855 13.0835 13.917 13.0835H14.7503C14.8608 13.0835 14.9668 13.1274 15.045 13.2055C15.1231 13.2837 15.167 13.3897 15.167 13.5002V13.9168C15.167 14.0273 15.1231 14.1333 15.045 14.2115C14.9668 14.2896 14.8608 14.3335 14.7503 14.3335Z" fill="white"/>
<path d="M18.0837 19.3335H10.5837C10.4732 19.3335 10.3672 19.3774 10.289 19.4555C10.2109 19.5337 10.167 19.6397 10.167 19.7502C10.167 19.8607 10.2109 19.9667 10.289 20.0448C10.3672 20.1229 10.4732 20.1668 10.5837 20.1668H18.0837C18.1942 20.1668 18.3001 20.1229 18.3783 20.0448C18.4564 19.9667 18.5003 19.8607 18.5003 19.7502C18.5003 19.6397 18.4564 19.5337 18.3783 19.4555C18.3001 19.3774 18.1942 19.3335 18.0837 19.3335Z" fill="white"/>
<path d="M18.0837 21.4165H10.5837C10.4732 21.4165 10.3672 21.4604 10.289 21.5385C10.2109 21.6167 10.167 21.7227 10.167 21.8332C10.167 21.9437 10.2109 22.0497 10.289 22.1278C10.3672 22.2059 10.4732 22.2498 10.5837 22.2498H18.0837C18.1942 22.2498 18.3001 22.2059 18.3783 22.1278C18.4564 22.0497 18.5003 21.9437 18.5003 21.8332C18.5003 21.7227 18.4564 21.6167 18.3783 21.5385C18.3001 21.4604 18.1942 21.4165 18.0837 21.4165Z" fill="white"/>
<path d="M18.0837 17.25H10.5837C10.4732 17.25 10.3672 17.2939 10.289 17.372C10.2109 17.4502 10.167 17.5562 10.167 17.6667C10.167 17.7772 10.2109 17.8832 10.289 17.9613C10.3672 18.0394 10.4732 18.0833 10.5837 18.0833H18.0837C18.1942 18.0833 18.3001 18.0394 18.3783 17.9613C18.4564 17.8832 18.5003 17.7772 18.5003 17.6667C18.5003 17.5562 18.4564 17.4502 18.3783 17.372C18.3001 17.2939 18.1942 17.25 18.0837 17.25Z" fill="white"/>
<path d="M22.25 6H9.74996C9.19742 6 8.66752 6.2195 8.27682 6.6102C7.88612 7.0009 7.66662 7.5308 7.66662 8.08334C7.66662 27.1292 7.58329 25.75 7.84996 25.9292C8.11662 26.1083 8.08329 26.0292 10.1666 25.2C12.2708 26.0333 12.1958 26.0542 12.4041 25.9708L14.3333 25.2L16.2625 25.9708C16.475 26.0542 16.4 26.0375 18.5041 25.2C20.5875 26.0333 20.4708 26 20.5875 26C20.698 26 20.8039 25.9561 20.8821 25.878C20.9602 25.7998 21.0041 25.6938 21.0041 25.5833V10.1667H23.9208C24.0313 10.1667 24.1373 10.1228 24.2154 10.0446C24.2936 9.96649 24.3375 9.86051 24.3375 9.75V8.08334C24.3375 7.8094 24.2834 7.53815 24.1785 7.28512C24.0735 7.03208 23.9197 6.80223 23.7258 6.60872C23.5319 6.41521 23.3017 6.26184 23.0485 6.15739C22.7953 6.05294 22.5239 5.99946 22.25 6ZM20.1666 24.9667C18.5625 24.325 18.5541 24.2792 18.3458 24.3625L16.4166 25.1333C14.4 24.3292 14.3958 24.275 14.1791 24.3625L12.25 25.1333L10.3208 24.3625C10.1125 24.2792 10.1458 24.3083 8.49996 24.9667V8.08334C8.49996 7.75182 8.63165 7.43387 8.86607 7.19945C9.10049 6.96503 9.41844 6.83334 9.74996 6.83334C21.4166 6.83334 20.6083 6.80417 20.5458 6.89167C20.025 7.6375 20.1666 6.73334 20.1666 24.9667ZM23.5 9.33334H21V8.08334C21 7.75182 21.1317 7.43387 21.3661 7.19945C21.6005 6.96503 21.9184 6.83334 22.25 6.83334C22.5815 6.83334 22.8994 6.96503 23.1338 7.19945C23.3683 7.43387 23.5 7.75182 23.5 8.08334V9.33334Z" fill="white"/>
</g>
<defs>
<clipPath id="clip0_2262_19137">
<rect width="20" height="20" fill="white" transform="translate(6 6)"/>
</clipPath>
</defs>
</svg>
